60 1.0 3000 0 0 10
57 1.0 3000 0 0 12
42 1.0 3000 0 0 5
60 1.0 3000 1 0 5
57 1.0 3000 -2 0 10
57 1.0 3000 -2 0 3
57 1.0 3000 -2 0 8
42 1.0 3000 0 1 3
60 1.0 3000 0 0 9
57 1.0 3000 2 2 4
42 1.0 3000 0 2 8
60 1.0 3000 4 -4 10
57 1.0 3000 -2 3 12
42 1.0 3000 2 -4 5
60 1.0 3000 -3 -4 5
57 1.0 3000 -5 -1 10
42 1.0 3000 2 -4 3
42 1.0 3000 2 -4 8
60 1.0 3000 4 1 9
57 1.0 3000 2 3 4
42 1.0 3000 -2 2 8
42 1.0 3000 -5 2 2
42 1.0 3000 3 -3 8
60 1.0 3000 -2 4 5
57 1.0 3000 3 1 2
42 1.0 3000 -2 -1 4
60 1.0 3000 4 -3 9
60 1.0 3000 0 -4 5
57 1.0 3000 5 1 17
42 1.0 3000 -3 2 14
60 1.0 3000 4 1 15
