37 0.0551181102362 73 -5 0 0
44 0.0551181102362 73 -5 0 64
56 0.251968503937 73 -5 0 128
53 0.251968503937 73 -5 0 192
65 0.251968503937 73 -5 0 256
73 0.0393700787402 384 -5 0 0
56 0.251968503937 73 -5 0 320
68 0.314960629921 192 -5 0 384
37 0.251968503937 73 -5 0 576
44 0.251968503937 73 -5 0 640
56 0.251968503937 73 -5 0 704
53 0.251968503937 73 -5 0 768
65 0.251968503937 73 -5 0 832
56 0.251968503937 73 -5 0 896
80 0.503937007874 59 -5 0 960
61 0.314960629921 96 -5 0 960
68 0.314960629921 96 -5 0 960
58 0.314960629921 96 -5 0 960
77 0.582677165354 59 -5 0 1008
78 0.582677165354 59 -5 0 1056
73 0.425196850394 192 -5 0 960
66 0.393700787402 96 -5 0 1056
80 0.582677165354 59 -5 0 1104
37 0.251968503937 73 -5 0 1152
44 0.251968503937 73 -5 0 1216
56 0.251968503937 73 -5 0 1280
53 0.251968503937 73 -5 0 1344
65 0.393700787402 73 -5 0 1408
73 0.543307086614 384 -5 0 1152
65 0.393700787402 128 -5 0 1408
70 0.251968503937 73 -5 0 1536
72 0.251968503937 73 -5 0 1600
56 0.251968503937 256 -5 0 1472
61 0.251968503937 192 -5 0 1536
63 0.251968503937 192 -5 0 1536
66 0.251968503937 192 -5 0 1536
73 0.251968503937 73 -5 0 1664
37 0.251968503937 73 -5 0 1728
44 0.251968503937 73 -5 0 1792
56 0.251968503937 73 -5 0 1856
53 0.251968503937 64 -5 0 1920
65 0.393700787402 64 -5 0 1984
68 0.393700787402 320 -5 0 1728
65 0.393700787402 73 -5 0 1984
82 0.543307086614 96 -5 0 2048
80 0.606299212598 59 -5 0 2112
77 0.472440944882 59 -5 0 2160
78 0.472440944882 59 -5 0 2208
58 0.283464566929 256 -5 0 2048
68 0.393700787402 192 -5 0 2112
61 0.314960629921 192 -5 0 2112
73 0.393700787402 192 -5 0 2112
80 0.472440944882 59 -5 0 2256
37 0.251968503937 73 -5 0 2304
44 0.275590551181 73 -5 0 2368
56 0.275590551181 73 -5 0 2432
53 0.275590551181 73 -5 0 2496
65 0.393700787402 64 -5 0 2560
73 0.543307086614 320 -5 0 2304
65 0.393700787402 73 -5 0 2560
75 0.393700787402 64 -5 0 2624
70 0.393700787402 73 -5 0 2688
72 0.409448818898 73 -5 0 2752
56 0.275590551181 256 -5 0 2624
61 0.377952755906 192 -5 0 2688
66 0.251968503937 192 -5 0 2688
63 0.377952755906 192 -5 0 2688
73 0.409448818898 73 -5 0 2816
37 0.251968503937 73 -5 0 2880
44 0.251968503937 73 -5 0 2944
56 0.251968503937 73 -5 0 3008
53 0.251968503937 73 -5 0 3072
68 0.251968503937 310 -5 0 2880
65 0.251968503937 320 -5 0 2880
61 0.251968503937 73 -5 0 3136
68 0.251968503937 56 -5 0 3200
68 0.251968503937 59 -5 0 3264
67 0.251968503937 60 -5 0 3312
68 0.251968503937 59 -5 0 3360
56 0.251968503937 256 -5 0 3200
64 0.251968503937 192 -5 0 3264
61 0.251968503937 192 -5 0 3264
58 0.251968503937 192 -5 0 3264
70 0.251968503937 59 -5 0 3408
32 0.251968503937 73 -5 0 3456
51 0.251968503937 73 -5 0 3520
56 0.251968503937 73 -5 0 3584
60 0.251968503937 73 -5 0 3648
68 0.314960629921 309 -5 0 3456
72 0.314960629921 320 -5 0 3456
51 0.251968503937 73 -5 0 3712
68 0.314960629921 64 -5 0 3776
72 0.314960629921 64 -5 0 3776
70 0.251968503937 73 -5 0 3840
72 0.314960629921 73 -5 0 3904
56 0.251968503937 256 -5 0 3776
66 0.314960629921 192 -5 0 3840
60 0.251968503937 192 -5 0 3840
65 0.314960629921 64 -5 0 3968
75 0.251968503937 73 -5 0 3968
39 0.283464566929 73 -5 0 4032
46 0.314960629921 73 -5 0 4096
54 0.322834645669 73 -5 0 4160
58 0.322834645669 73 -5 0 4224
54 0.330708661417 73 -5 0 4288
70 0.393700787402 369 -5 0 4032
66 0.330708661417 64 -5 0 4352
66 0.330708661417 73 -5 0 4352
65 0.503937007874 48 -5 0 4416
70 0.385826771654 59 -5 0 4416
68 0.385826771654 59 -5 0 4464
70 0.393700787402 59 -5 0 4512
58 0.385826771654 192 -5 0 4416
54 0.385826771654 192 -5 0 4416
63 0.472440944882 48 -5 0 4560
72 0.503937007874 59 -5 0 4560
34 0.448818897638 73 -5 0 4608
53 0.448818897638 73 -5 0 4672
65 0.472440944882 180 -5 0 4608
61 0.456692913386 73 -5 0 4736
70 0.614173228346 73 -5 0 4800
73 0.527559055118 310 -5 0 4608
65 0.582677165354 128 -5 0 4800
61 0.511811023622 73 -5 0 4864
73 0.511811023622 64 -5 0 4928
53 0.511811023622 73 -5 0 4928
68 0.645669291339 64 -5 0 4992
72 0.566929133858 73 -5 0 4992
73 0.566929133858 73 -5 0 5056
61 0.566929133858 192 -5 0 4992
58 0.566929133858 192 -5 0 4992
67 0.653543307087 64 -5 0 5120
77 0.574803149606 73 -5 0 5120
41 0.708661417323 73 -5 0 5184
48 0.708661417323 73 -5 0 5248
56 0.716535433071 73 -5 0 5312
60 0.763779527559 73 -5 0 5376
56 0.771653543307 73 -5 0 5440
68 0.771653543307 64 -5 0 5504
72 0.708661417323 384 -5 0 5184
68 0.771653543307 73 -5 0 5504
60 0.771653543307 24 -5 0 5584
79 0.889763779528 59 -5 0 5632
75 0.771653543307 59 -5 0 5680
51 0.779527559055 192 -5 0 5552
67 0.771653543307 150 -5 0 5600
56 0.771653543307 192 -5 0 5568
77 0.779527559055 59 -5 0 5704
79 0.771653543307 59 -5 0 5720
72 0.771653543307 192 -5 0 5616
34 0.763779527559 64 -5 0 5760
67 0.763779527559 96 -5 0 5760
46 0.763779527559 64 -5 0 5824
53 0.771653543307 64 -5 0 5888
58 0.818897637795 64 -5 0 5952
68 0.771653543307 320 -5 0 5728
65 0.661417322835 96 -5 0 5952
73 0.818897637795 320 -5 0 5760
53 0.826771653543 64 -5 0 6016
80 0.826771653543 56 -5 0 6080
80 0.874015748031 59 -5 0 6144
77 0.874015748031 59 -5 0 6192
79 0.874015748031 59 -5 0 6240
65 0.826771653543 256 -5 0 6080
73 0.874015748031 192 -5 0 6144
72 0.874015748031 192 -5 0 6144
80 0.874015748031 59 -5 0 6288
44 0.724409448819 64 -5 0 6336
37 0.724409448819 64 -5 0 6336
52 0.795275590551 73 -5 0 6400
64 0.811023622047 73 -5 0 6464
56 0.795275590551 73 -5 0 6528
68 0.779527559055 73 -5 0 6592
71 0.818897637795 384 -5 0 6336
83 0.818897637795 384 -5 0 6336
76 0.818897637795 384 -5 0 6336
64 0.755905511811 73 -5 0 6656
72 0.724409448819 48 -5 0 6752
75 0.724409448819 48 -5 0 6768
84 0.724409448819 59 -5 0 6784
73 0.645669291339 59 -5 0 6832
51 0.968503937008 204 -5 0 6704
61 0.724409448819 192 -5 0 6720
75 0.582677165354 59 -5 0 6856
67 0.724409448819 192 -5 0 6736
79 0.582677165354 59 -5 0 6880
44 0.488188976378 73 -5 0 6912
61 0.535433070866 73 -5 0 6976
51 0.535433070866 73 -5 0 6976
73 0.590551181102 192 -5 0 6912
63 0.590551181102 73 -5 0 7040
58 0.590551181102 73 -5 0 7040
60 0.551181102362 73 -5 0 7104
56 0.551181102362 73 -5 0 7104
68 0.677165354331 74 -5 0 7104
63 0.551181102362 73 -5 0 7168
72 0.551181102362 73 -5 0 7168
68 0.59842519685 64 -5 0 7232
80 0.669291338583 384 -5 0 6912
75 0.59842519685 64 -5 0 7232
68 0.59842519685 64 -5 0 7232
72 0.732283464567 54 -5 0 7308
63 0.732283464567 55 -5 0 7308
65 0.732283464567 64 -5 0 7308
68 0.779527559055 7 -5 0 7372
61 0.779527559055 55 -5 0 7372
63 0.732283464567 64 -5 0 7372
68 0.779527559055 7 -5 0 7436
70 0.779527559055 71 -5 0 7372
78 0.779527559055 71 -5 0 7372
75 0.779527559055 71 -5 0 7372
65 0.779527559055 46 -5 0 7436
61 0.732283464567 46 -5 0 7436
68 0.779527559055 46 -5 0 7436
77 0.779527559055 64 -5 0 7436
80 0.732283464567 192 -5 0 7308
77 0.779527559055 64 -5 0 7436
73 0.779527559055 71 -5 0 7436
58 0.779527559055 71 -5 0 7436
25 0.732283464567 73 -5 0 7488
53 0.732283464567 55 -5 0 7552
56 0.732283464567 56 -5 0 7552
44 0.732283464567 73 -5 0 7552
53 0.732283464567 55 -5 0 7616
56 0.732283464567 56 -5 0 7616
56 0.732283464567 55 -5 0 7680
61 0.732283464567 55 -5 0 7680
53 0.732283464567 64 -5 0 7680
61 0.732283464567 55 -5 0 7744
65 0.732283464567 55 -5 0 7744
56 0.732283464567 73 -5 0 7744
68 0.732283464567 53 -5 0 7808
65 0.732283464567 55 -5 0 7808
61 0.732283464567 55 -5 0 7808
65 0.732283464567 64 -5 0 7808
61 0.732283464567 64 -5 0 7808
56 0.732283464567 128 -5 0 7744
37 0.661417322835 384 -5 0 7488
49 0.732283464567 256 -5 0 7616
68 0.732283464567 64 -5 0 7808
73 0.732283464567 54 -5 0 7872
58 0.732283464567 55 -5 0 7872
65 0.732283464567 64 -5 0 7872
70 0.732283464567 71 -5 0 7872
60 0.779527559055 55 -5 0 7936
63 0.732283464567 64 -5 0 7936
68 0.779527559055 71 -5 0 7936
54 0.700787401575 7 -5 0 8000
56 0.700787401575 71 -5 0 7936
72 0.779527559055 71 -5 0 7936
61 0.732283464567 46 -5 0 8000
56 0.700787401575 128 -5 0 7936
61 0.732283464567 64 -5 0 8000
58 0.779527559055 71 -5 0 8000
54 0.700787401575 71 -5 0 8000
51 0.700787401575 71 -5 0 8000
70 0.779527559055 71 -5 0 8000
65 0.779527559055 71 -5 0 8000
56 0.724409448819 55 -5 0 8128
53 0.724409448819 55 -5 0 8128
44 0.724409448819 73 -5 0 8128
53 0.724409448819 55 -5 0 8192
56 0.724409448819 55 -5 0 8192
61 0.724409448819 55 -5 0 8256
56 0.724409448819 55 -5 0 8256
53 0.724409448819 64 -5 0 8256
65 0.755905511811 55 -5 0 8320
61 0.755905511811 55 -5 0 8320
68 0.755905511811 55 -5 0 8384
77 0.755905511811 56 -5 0 8384
37 0.818897637795 384 -5 0 8064
49 0.724409448819 256 -5 0 8192
56 0.755905511811 128 -5 0 8320
65 0.755905511811 64 -5 0 8384
61 0.755905511811 64 -5 0 8384
63 0.724409448819 59 -5 0 8460
68 0.724409448819 64 -5 0 8460
77 0.724409448819 64 -5 0 8460
80 0.724409448819 64 -5 0 8460
72 0.724409448819 64 -5 0 8460
65 0.724409448819 64 -5 0 8460
61 0.755905511811 59 -5 0 8524
63 0.755905511811 59 -5 0 8524
78 0.755905511811 59 -5 0 8524
75 0.755905511811 59 -5 0 8524
66 0.755905511811 64 -5 0 8524
70 0.724409448819 64 -5 0 8524
65 0.818897637795 59 -5 0 8588
58 0.818897637795 59 -5 0 8588
61 0.818897637795 64 -5 0 8588
73 0.818897637795 64 -5 0 8588
68 0.787401574803 44 -5 0 8640
77 0.818897637795 96 -5 0 8588
56 0.755905511811 55 -5 0 8704
53 0.755905511811 55 -5 0 8704
53 0.787401574803 55 -5 0 8768
56 0.787401574803 55 -5 0 8768
49 0.787401574803 56 -5 0 8768
44 0.755905511811 128 -5 0 8704
61 0.787401574803 55 -5 0 8832
65 0.787401574803 55 -5 0 8832
56 0.787401574803 55 -5 0 8832
49 0.787401574803 56 -5 0 8832
53 0.787401574803 56 -5 0 8832
68 0.787401574803 55 -5 0 8896
65 0.787401574803 57 -5 0 8896
65 0.787401574803 55 -5 0 8960
73 0.787401574803 55 -5 0 8960
68 0.787401574803 55 -5 0 8960
68 0.787401574803 61 -5 0 8960
37 0.551181102362 384 -5 0 8640
25 0.472440944882 384 -5 0 8640
56 0.787401574803 128 -5 0 8896
61 0.787401574803 64 -5 0 8960
56 0.787401574803 55 -5 0 9024
65 0.787401574803 64 -5 0 9024
61 0.787401574803 64 -5 0 9024
58 0.787401574803 64 -5 0 9024
70 0.787401574803 73 -5 0 9024
54 0.787401574803 55 -5 0 9088
60 0.787401574803 64 -5 0 9088
63 0.787401574803 64 -5 0 9088
56 0.787401574803 64 -5 0 9088
68 0.787401574803 72 -5 0 9088
72 0.787401574803 72 -5 0 9088
73 0.787401574803 181 -5 0 9024
61 0.787401574803 64 -5 0 9152
70 0.787401574803 64 -5 0 9152
51 0.787401574803 64 -5 0 9152
66 0.787401574803 64 -5 0 9152
54 0.787401574803 64 -5 0 9152
58 0.787401574803 64 -5 0 9152
53 0.787401574803 55 -5 0 9280
56 0.787401574803 55 -5 0 9280
44 0.787401574803 64 -5 0 9280
56 0.787401574803 55 -5 0 9344
53 0.787401574803 55 -5 0 9344
61 0.787401574803 55 -5 0 9408
65 0.787401574803 55 -5 0 9408
56 0.787401574803 55 -5 0 9408
49 0.787401574803 64 -5 0 9408
65 0.787401574803 55 -5 0 9472
68 0.787401574803 55 -5 0 9472
61 0.787401574803 55 -5 0 9536
73 0.787401574803 55 -5 0 9536
68 0.787401574803 55 -5 0 9536
65 0.787401574803 55 -5 0 9536
56 0.787401574803 122 -5 0 9472
37 0.787401574803 384 -5 0 9216
49 0.787401574803 192 -5 0 9408
56 0.59842519685 56 -5 0 9600
53 0.59842519685 58 -5 0 9600
61 0.59842519685 59 -5 0 9600
65 0.59842519685 59 -5 0 9600
68 0.59842519685 59 -5 0 9600
73 0.59842519685 59 -5 0 9600
60 0.59842519685 55 -5 0 9664
68 0.59842519685 55 -5 0 9664
72 0.59842519685 55 -5 0 9664
56 0.59842519685 55 -5 0 9664
64 0.59842519685 58 -5 0 9664
52 0.59842519685 58 -5 0 9664
56 0.59842519685 56 -5 0 9728
53 0.59842519685 58 -5 0 9728
61 0.59842519685 59 -5 0 9728
65 0.59842519685 59 -5 0 9728
73 0.59842519685 59 -5 0 9728
68 0.59842519685 59 -5 0 9728
56 0.629921259843 55 -5 0 9856
53 0.629921259843 55 -5 0 9856
56 0.629921259843 55 -5 0 9920
53 0.629921259843 55 -5 0 9920
46 0.629921259843 128 -5 0 9856
61 0.629921259843 64 -5 0 9920
61 0.629921259843 55 -5 0 9984
65 0.629921259843 55 -5 0 9984
56 0.629921259843 64 -5 0 9984
53 0.629921259843 64 -5 0 9984
65 0.629921259843 55 -5 0 10048
61 0.629921259843 55 -5 0 10048
68 0.629921259843 55 -5 0 10048
58 0.629921259843 55 -5 0 10048
34 0.629921259843 384 -5 0 9792
73 0.629921259843 64 -5 0 10112
68 0.629921259843 64 -5 0 10112
61 0.629921259843 64 -5 0 10112
65 0.629921259843 64 -5 0 10112
68 0.629921259843 64 -5 0 10112
73 0.629921259843 64 -5 0 10112
58 0.629921259843 64 -5 0 10112
78 0.629921259843 72 -5 0 10176
60 0.629921259843 96 -5 0 10176
54 0.629921259843 96 -5 0 10176
39 0.629921259843 96 -5 0 10176
66 0.629921259843 128 -5 0 10176
72 0.629921259843 128 -5 0 10176
77 0.629921259843 73 -5 0 10240
70 0.629921259843 64 -5 0 10304
73 0.629921259843 64 -5 0 10304
80 0.629921259843 64 -5 0 10304
56 0.629921259843 55 -5 0 10432
60 0.629921259843 55 -5 0 10432
60 0.629921259843 55 -5 0 10496
56 0.629921259843 55 -5 0 10496
63 0.629921259843 56 -5 0 10496
51 0.629921259843 128 -5 0 10432
63 0.59842519685 55 -5 0 10560
60 0.59842519685 55 -5 0 10560
68 0.59842519685 55 -5 0 10560
53 0.59842519685 64 -5 0 10560
56 0.59842519685 64 -5 0 10560
72 0.59842519685 55 -5 0 10624
63 0.59842519685 55 -5 0 10624
68 0.59842519685 55 -5 0 10624
60 0.59842519685 64 -5 0 10624
60 0.59842519685 55 -5 0 10688
63 0.59842519685 55 -5 0 10688
44 0.629921259843 384 -5 0 10368
32 0.629921259843 384 -5 0 10368
68 0.59842519685 64 -5 0 10688
75 0.59842519685 64 -5 0 10688
60 0.629921259843 59 -5 0 10816
66 0.629921259843 59 -5 0 10816
44 0.59842519685 59 -5 0 10816
51 0.629921259843 59 -5 0 10816
70 0.645669291339 128 -5 0 10752
58 0.645669291339 128 -5 0 10752
60 0.629921259843 48 -5 0 10880
68 0.629921259843 59 -5 0 10880
65 0.629921259843 59 -5 0 10880
56 0.629921259843 64 -5 0 10880
54 0.692913385827 55 -5 0 11008
58 0.692913385827 64 -5 0 11008
54 0.724409448819 55 -5 0 11072
51 0.724409448819 55 -5 0 11072
60 0.724409448819 59 -5 0 11072
58 0.724409448819 59 -5 0 11072
39 0.645669291339 128 -5 0 11008
60 0.724409448819 59 -5 0 11136
63 0.724409448819 59 -5 0 11136
58 0.724409448819 59 -5 0 11136
54 0.724409448819 59 -5 0 11136
60 0.724409448819 55 -5 0 11200
58 0.724409448819 55 -5 0 11200
63 0.724409448819 59 -5 0 11200
66 0.724409448819 59 -5 0 11200
70 0.724409448819 59 -5 0 11200
72 0.724409448819 59 -5 0 11200
63 0.755905511811 55 -5 0 11264
54 0.755905511811 59 -5 0 11264
60 0.755905511811 59 -5 0 11264
58 0.755905511811 59 -5 0 11264
72 0.755905511811 59 -5 0 11264
70 0.755905511811 59 -5 0 11264
27 0.629921259843 384 -5 0 10944
72 0.755905511811 59 -5 0 11328
60 0.755905511811 59 -5 0 11328
66 0.755905511811 59 -5 0 11328
78 0.755905511811 59 -5 0 11328
58 0.755905511811 59 -5 0 11328
70 0.755905511811 59 -5 0 11328
60 0.755905511811 61 -5 0 11392
65 0.755905511811 61 -5 0 11392
68 0.755905511811 61 -5 0 11392
72 0.755905511811 61 -5 0 11392
77 0.755905511811 61 -5 0 11392
56 0.755905511811 61 -5 0 11392
66 0.755905511811 59 -5 0 11456
63 0.755905511811 59 -5 0 11456
54 0.755905511811 59 -5 0 11456
58 0.755905511811 59 -5 0 11456
70 0.779527559055 59 -5 0 11456
75 0.779527559055 61 -5 0 11456
56 0.787401574803 55 -5 0 11584
53 0.787401574803 59 -5 0 11584
56 0.787401574803 55 -5 0 11648
60 0.787401574803 59 -5 0 11648
53 0.787401574803 59 -5 0 11648
65 0.787401574803 59 -5 0 11648
48 0.787401574803 128 -5 0 11584
60 0.787401574803 55 -5 0 11712
65 0.787401574803 59 -5 0 11712
56 0.787401574803 59 -5 0 11712
68 0.787401574803 59 -5 0 11712
72 0.787401574803 55 -5 0 11776
60 0.787401574803 59 -5 0 11776
65 0.787401574803 59 -5 0 11776
56 0.787401574803 59 -5 0 11776
68 0.787401574803 55 -5 0 11840
72 0.787401574803 55 -5 0 11840
77 0.787401574803 58 -5 0 11840
60 0.787401574803 59 -5 0 11840
65 0.787401574803 59 -5 0 11840
56 0.787401574803 59 -5 0 11840
29 0.527559055118 384 -5 0 11520
41 0.527559055118 384 -5 0 11520
68 0.787401574803 64 -5 0 11840
70 0.818897637795 55 -5 0 11968
60 0.818897637795 55 -5 0 11968
48 0.771653543307 55 -5 0 11968
41 0.771653543307 55 -5 0 11968
65 0.787401574803 122 -5 0 11904
70 0.818897637795 64 -5 0 11968
60 0.787401574803 48 -5 0 12032
65 0.787401574803 48 -5 0 12032
72 0.818897637795 48 -5 0 12032
54 0.692913385827 55 -5 0 12160
60 0.692913385827 9 -5 0 12224
66 0.692913385827 56 -5 0 12224
60 0.692913385827 56 -5 0 12224
72 0.692913385827 192 -5 0 12096
54 0.692913385827 64 -5 0 12224
61 0.716535433071 64 -5 0 12288
54 0.716535433071 57 -5 0 12352
61 0.716535433071 57 -5 0 12352
46 0.716535433071 64 -5 0 12352
54 0.716535433071 55 -5 0 12416
61 0.716535433071 55 -5 0 12416
61 0.716535433071 56 -5 0 12416
34 0.692913385827 384 -5 0 12096
54 0.716535433071 64 -5 0 12416
66 0.771653543307 9 -5 0 12480
73 0.771653543307 57 -5 0 12480
66 0.771653543307 64 -5 0 12480
61 0.771653543307 64 -5 0 12480
66 0.771653543307 48 -5 0 12544
78 0.771653543307 64 -5 0 12544
73 0.803149606299 96 -5 0 12576
85 0.803149606299 96 -5 0 12576
57 0.763779527559 55 -5 0 12736
64 0.763779527559 55 -5 0 12736
60 0.763779527559 55 -5 0 12736
42 0.763779527559 64 -5 0 12736
49 0.763779527559 0 -5 0 12800
57 0.763779527559 55 -5 0 12800
69 0.763779527559 58 -5 0 12800
64 0.763779527559 58 -5 0 12800
49 0.763779527559 64 -5 0 12800
60 0.763779527559 64 -5 0 12800
69 0.763779527559 55 -5 0 12864
60 0.763779527559 55 -5 0 12864
64 0.763779527559 55 -5 0 12864
72 0.763779527559 55 -5 0 12864
57 0.763779527559 57 -5 0 12864
64 0.763779527559 55 -5 0 12928
76 0.763779527559 55 -5 0 12928
72 0.763779527559 55 -5 0 12928
69 0.763779527559 55 -5 0 12928
60 0.763779527559 58 -5 0 12928
57 0.763779527559 64 -5 0 12928
30 0.763779527559 384 -5 0 12672
69 0.763779527559 64 -5 0 12992
60 0.763779527559 64 -5 0 12992
76 0.763779527559 64 -5 0 12992
64 0.763779527559 64 -5 0 12992
81 0.763779527559 64 -5 0 12992
72 0.763779527559 64 -5 0 12992
77 0.763779527559 55 -5 0 13056
80 0.763779527559 55 -5 0 13056
89 0.763779527559 59 -5 0 13056
32 0.763779527559 96 -5 0 13056
44 0.763779527559 96 -5 0 13056
60 0.763779527559 58 -5 0 13120
68 0.763779527559 58 -5 0 13120
65 0.763779527559 58 -5 0 13120
56 0.763779527559 58 -5 0 13120
54 0.763779527559 59 -5 0 13120
54 0.795275590551 64 -5 0 13184
72 0.795275590551 64 -5 0 13184
75 0.795275590551 64 -5 0 13184
60 0.795275590551 64 -5 0 13184
56 0.795275590551 64 -5 0 13184
65 0.795275590551 64 -5 0 13184
65 0.984251968504 58 -5 0 13312
68 0.984251968504 58 -5 0 13312
49 0.992125984252 58 -5 0 13312
53 0.992125984252 58 -5 0 13312
56 0.992125984252 58 -5 0 13312
61 0.984251968504 64 -5 0 13312
44 0.944881889764 64 -5 0 13312
61 0.992125984252 55 -5 0 13376
65 0.992125984252 55 -5 0 13376
56 0.992125984252 55 -5 0 13376
77 0.992125984252 58 -5 0 13376
49 0.992125984252 58 -5 0 13376
73 0.992125984252 58 -5 0 13376
53 0.992125984252 58 -5 0 13376
68 0.984251968504 64 -5 0 13376
68 0.992125984252 55 -5 0 13440
61 0.992125984252 55 -5 0 13440
73 0.992125984252 55 -5 0 13440
77 0.992125984252 55 -5 0 13440
65 0.992125984252 55 -5 0 13440
80 0.992125984252 55 -5 0 13440
53 0.984251968504 64 -5 0 13440
56 0.992125984252 64 -5 0 13440
65 0.992125984252 55 -5 0 13504
73 0.992125984252 55 -5 0 13504
68 0.992125984252 55 -5 0 13504
77 0.992125984252 55 -5 0 13504
85 0.992125984252 55 -5 0 13504
80 0.992125984252 55 -5 0 13504
61 0.992125984252 64 -5 0 13504
56 0.992125984252 64 -5 0 13504
68 0.992125984252 55 -5 0 13568
80 0.992125984252 55 -5 0 13568
61 0.992125984252 58 -5 0 13568
85 0.992125984252 58 -5 0 13568
73 0.992125984252 58 -5 0 13568
65 0.992125984252 58 -5 0 13568
77 0.992125984252 58 -5 0 13568
89 1.0 58 -5 0 13568
37 0.992125984252 384 -5 0 13248
25 0.992125984252 384 -5 0 13248
63 0.92125984252 58 -5 0 13632
65 0.92125984252 58 -5 0 13632
68 0.92125984252 58 -5 0 13632
72 0.92125984252 58 -5 0 13632
80 0.984251968504 58 -5 0 13632
89 0.984251968504 58 -5 0 13632
92 0.984251968504 58 -5 0 13632
84 0.984251968504 58 -5 0 13632
66 0.92125984252 58 -5 0 13696
61 0.92125984252 58 -5 0 13696
78 0.984251968504 58 -5 0 13696
63 0.92125984252 58 -5 0 13696
87 0.984251968504 58 -5 0 13696
70 0.92125984252 58 -5 0 13696
90 0.984251968504 58 -5 0 13696
82 0.984251968504 58 -5 0 13696
77 0.984251968504 58 -5 0 13760
65 0.92125984252 58 -5 0 13760
77 0.984251968504 58 -5 0 13760
61 0.92125984252 58 -5 0 13760
68 0.92125984252 58 -5 0 13760
82 0.984251968504 58 -5 0 13760
58 0.92125984252 58 -5 0 13760
85 0.984251968504 58 -5 0 13760
44 0.929133858268 55 -5 0 13888
49 0.929133858268 55 -5 0 13888
53 0.929133858268 55 -5 0 13888
56 0.929133858268 64 -5 0 13888
61 0.929133858268 55 -5 0 13952
53 0.929133858268 55 -5 0 13952
49 0.929133858268 55 -5 0 13952
44 0.929133858268 55 -5 0 13952
56 0.929133858268 64 -5 0 13952
61 0.929133858268 55 -5 0 14016
65 0.929133858268 55 -5 0 14016
56 0.929133858268 55 -5 0 14016
53 0.929133858268 55 -5 0 14016
49 0.929133858268 64 -5 0 14016
44 0.929133858268 64 -5 0 14016
61 0.929133858268 55 -5 0 14080
65 0.929133858268 55 -5 0 14080
68 0.929133858268 55 -5 0 14080
56 0.929133858268 55 -5 0 14080
53 0.929133858268 64 -5 0 14080
73 0.929133858268 55 -5 0 14144
56 0.929133858268 55 -5 0 14144
77 0.984251968504 376 -5 0 13824
37 0.929133858268 384 -5 0 13824
25 0.929133858268 384 -5 0 13824
80 0.984251968504 384 -5 0 13824
61 0.929133858268 64 -5 0 14144
65 0.929133858268 64 -5 0 14144
68 0.929133858268 64 -5 0 14144
65 0.92125984252 58 -5 0 14208
85 0.984251968504 58 -5 0 14208
77 0.984251968504 58 -5 0 14208
61 0.92125984252 58 -5 0 14208
82 0.984251968504 58 -5 0 14208
73 0.984251968504 58 -5 0 14208
58 0.92125984252 58 -5 0 14208
56 0.92125984252 58 -5 0 14208
60 0.92125984252 58 -5 0 14272
72 0.984251968504 58 -5 0 14272
80 0.984251968504 58 -5 0 14272
63 0.92125984252 58 -5 0 14272
56 0.92125984252 58 -5 0 14272
75 0.984251968504 58 -5 0 14272
54 0.92125984252 58 -5 0 14272
84 0.984251968504 58 -5 0 14272
73 0.984251968504 58 -5 0 14336
61 0.92125984252 58 -5 0 14336
51 0.92125984252 58 -5 0 14336
70 0.984251968504 58 -5 0 14336
58 0.92125984252 58 -5 0 14336
54 0.92125984252 58 -5 0 14336
82 0.984251968504 58 -5 0 14336
78 0.984251968504 58 -5 0 14336
49 0.913385826772 55 -5 0 14464
65 0.913385826772 55 -5 0 14464
53 0.913385826772 55 -5 0 14464
56 0.913385826772 55 -5 0 14464
61 0.913385826772 58 -5 0 14464
44 0.913385826772 64 -5 0 14464
77 0.913385826772 55 -5 0 14528
68 0.913385826772 55 -5 0 14528
53 0.913385826772 55 -5 0 14528
61 0.913385826772 55 -5 0 14528
65 0.913385826772 55 -5 0 14528
73 0.913385826772 55 -5 0 14528
56 0.913385826772 55 -5 0 14528
49 0.913385826772 64 -5 0 14528
61 0.913385826772 55 -5 0 14592
68 0.913385826772 55 -5 0 14592
65 0.913385826772 55 -5 0 14592
77 0.913385826772 55 -5 0 14592
73 0.913385826772 55 -5 0 14592
80 0.913385826772 55 -5 0 14592
56 0.913385826772 64 -5 0 14592
53 0.913385826772 64 -5 0 14592
61 0.913385826772 55 -5 0 14656
68 0.913385826772 55 -5 0 14656
65 0.913385826772 55 -5 0 14656
73 0.913385826772 55 -5 0 14656
77 0.913385826772 64 -5 0 14656
85 0.913385826772 64 -5 0 14656
56 0.913385826772 64 -5 0 14656
80 0.913385826772 64 -5 0 14656
65 0.913385826772 55 -5 0 14720
68 0.913385826772 55 -5 0 14720
77 0.913385826772 58 -5 0 14720
80 0.913385826772 58 -5 0 14720
25 0.913385826772 384 -5 0 14400
37 0.913385826772 384 -5 0 14400
73 0.913385826772 64 -5 0 14720
61 0.913385826772 64 -5 0 14720
94 0.913385826772 64 -5 0 14720
85 0.913385826772 64 -5 0 14720
65 0.92125984252 58 -5 0 14784
63 0.92125984252 58 -5 0 14784
68 0.92125984252 58 -5 0 14784
72 0.92125984252 58 -5 0 14784
80 0.984251968504 58 -5 0 14784
84 0.984251968504 58 -5 0 14784
92 0.984251968504 58 -5 0 14784
89 0.984251968504 58 -5 0 14784
63 0.92125984252 58 -5 0 14848
70 0.92125984252 58 -5 0 14848
61 0.92125984252 58 -5 0 14848
90 0.984251968504 58 -5 0 14848
82 0.984251968504 58 -5 0 14848
66 0.92125984252 58 -5 0 14848
78 0.984251968504 58 -5 0 14848
87 0.984251968504 58 -5 0 14848
61 0.92125984252 58 -5 0 14912
65 0.92125984252 58 -5 0 14912
68 0.92125984252 58 -5 0 14912
85 0.984251968504 58 -5 0 14912
80 0.984251968504 58 -5 0 14912
77 0.984251968504 58 -5 0 14912
58 0.92125984252 58 -5 0 14912
89 0.984251968504 58 -5 0 14912
56 0.88188976378 55 -5 0 15040
53 0.88188976378 55 -5 0 15040
49 0.88188976378 55 -5 0 15040
44 0.88188976378 55 -5 0 15040
44 0.913385826772 55 -5 0 15104
49 0.913385826772 55 -5 0 15104
56 0.913385826772 55 -5 0 15104
53 0.913385826772 55 -5 0 15104
61 0.913385826772 64 -5 0 15104
61 0.913385826772 55 -5 0 15168
65 0.913385826772 55 -5 0 15168
53 0.913385826772 55 -5 0 15168
56 0.913385826772 55 -5 0 15168
44 0.913385826772 64 -5 0 15168
49 0.913385826772 64 -5 0 15168
65 0.944881889764 55 -5 0 15232
56 0.944881889764 55 -5 0 15232
61 0.944881889764 55 -5 0 15232
53 0.944881889764 55 -5 0 15232
68 0.944881889764 55 -5 0 15232
77 0.92125984252 375 -5 0 14976
56 0.944881889764 55 -5 0 15296
61 0.944881889764 58 -5 0 15296
73 0.944881889764 59 -5 0 15296
25 0.763779527559 384 -5 0 14976
80 0.92125984252 384 -5 0 14976
37 0.763779527559 384 -5 0 14976
65 0.944881889764 64 -5 0 15296
68 0.944881889764 64 -5 0 15296
61 0.944881889764 58 -5 0 15360
73 0.944881889764 58 -5 0 15360
65 0.944881889764 58 -5 0 15360
85 0.944881889764 58 -5 0 15360
77 0.944881889764 58 -5 0 15360
58 0.944881889764 58 -5 0 15360
82 0.944881889764 58 -5 0 15360
56 0.944881889764 58 -5 0 15360
72 0.944881889764 58 -5 0 15424
75 0.944881889764 58 -5 0 15424
60 0.944881889764 58 -5 0 15424
63 0.944881889764 58 -5 0 15424
80 0.944881889764 58 -5 0 15424
54 0.944881889764 58 -5 0 15424
84 0.944881889764 58 -5 0 15424
56 0.944881889764 58 -5 0 15424
70 0.944881889764 58 -5 0 15488
82 0.944881889764 58 -5 0 15488
73 0.944881889764 58 -5 0 15488
61 0.944881889764 58 -5 0 15488
54 0.944881889764 58 -5 0 15488
78 0.944881889764 58 -5 0 15488
51 0.944881889764 58 -5 0 15488
58 0.944881889764 58 -5 0 15488
53 0.913385826772 58 -5 0 15616
56 0.913385826772 58 -5 0 15616
44 0.913385826772 64 -5 0 15616
49 0.913385826772 64 -5 0 15616
61 0.913385826772 58 -5 0 15680
49 0.913385826772 64 -5 0 15680
56 0.913385826772 64 -5 0 15680
53 0.913385826772 64 -5 0 15680
44 0.913385826772 0 -5 0 15744
49 0.913385826772 54 -5 0 15744
53 0.913385826772 54 -5 0 15744
56 0.913385826772 56 -5 0 15744
61 0.913385826772 58 -5 0 15744
44 0.913385826772 64 -5 0 15744
61 0.913385826772 56 -5 0 15808
65 0.913385826772 56 -5 0 15808
68 0.913385826772 56 -5 0 15808
56 0.913385826772 56 -5 0 15808
53 0.913385826772 64 -5 0 15808
49 0.913385826772 64 -5 0 15808
56 0.913385826772 54 -5 0 15872
65 0.913385826772 56 -5 0 15872
61 0.913385826772 58 -5 0 15872
37 0.944881889764 384 -5 0 15552
25 0.944881889764 384 -5 0 15552
73 0.913385826772 64 -5 0 15872
68 0.913385826772 64 -5 0 15872
65 0.850393700787 12 -5 0 15936
84 0.850393700787 48 -5 0 15936
77 0.677165354331 58 -5 0 15984
78 0.629921259843 58 -5 0 16032
60 0.850393700787 192 -5 0 15936
72 0.850393700787 192 -5 0 15936
65 0.850393700787 192 -5 0 15936
56 0.850393700787 192 -5 0 15936
80 0.582677165354 58 -5 0 16080
37 0.393700787402 73 -5 0 16128
53 0.393700787402 73 -5 0 16192
65 0.393700787402 73 -5 0 16256
59 0.393700787402 73 -5 0 16320
68 0.393700787402 73 -5 0 16384
75 0.472440944882 384 -5 0 16128
71 0.472440944882 384 -5 0 16128
63 0.393700787402 73 -5 0 16448
74 0.393700787402 73 -5 0 16512
58 0.393700787402 128 -5 0 16512
75 0.393700787402 73 -5 0 16576
65 0.393700787402 139 -5 0 16512
70 0.393700787402 139 -5 0 16512
82 0.393700787402 192 -5 0 16512
77 0.417322834646 64 -5 0 16640
68 0.409448818898 64 -5 0 16640
62 0.393700787402 64 -5 0 16640
37 0.393700787402 73 -5 0 16704
51 0.393700787402 73 -5 0 16768
56 0.393700787402 73 -5 0 16832
68 0.393700787402 209 -5 0 16704
54 0.393700787402 73 -5 0 16896
63 0.393700787402 73 -5 0 16960
66 0.393700787402 180 -5 0 16896
58 0.393700787402 73 -5 0 17024
70 0.393700787402 432 -5 0 16704
51 0.393700787402 96 -5 0 17088
66 0.393700787402 96 -5 0 17088
72 0.393700787402 59 -5 0 17136
73 0.393700787402 59 -5 0 17184
65 0.456692913386 96 -5 0 17184
53 0.393700787402 96 -5 0 17184
75 0.393700787402 59 -5 0 17232
37 0.393700787402 73 -5 0 17280
49 0.393700787402 73 -5 0 17344
56 0.393700787402 73 -5 0 17408
70 0.456692913386 288 -5 0 17280
64 0.393700787402 288 -5 0 17280
54 0.393700787402 137 -5 0 17472
58 0.393700787402 73 -5 0 17536
53 0.393700787402 73 -5 0 17600
57 0.393700787402 64 -5 0 17664
69 0.417322834646 74 -5 0 17664
65 0.393700787402 192 -5 0 17568
58 0.393700787402 64 -5 0 17728
70 0.417322834646 74 -5 0 17728
63 0.456692913386 57 -5 0 17792
72 0.393700787402 60 -5 0 17792
56 0.417322834646 256 -5 0 17600
37 0.393700787402 73 -5 0 17856
46 0.393700787402 73 -5 0 17920
63 0.393700787402 192 -5 0 17856
56 0.393700787402 73 -5 0 17984
58 0.393700787402 128 -5 0 18048
49 0.393700787402 73 -5 0 18112
60 0.393700787402 73 -5 0 18176
66 0.393700787402 432 -5 0 17856
61 0.393700787402 96 -5 0 18240
70 0.393700787402 59 -5 0 18288
68 0.393700787402 59 -5 0 18336
58 0.393700787402 192 -5 0 18240
66 0.393700787402 59 -5 0 18384
37 0.606299212598 73 -5 0 18432
44 0.606299212598 73 -5 0 18496
60 0.606299212598 192 -5 0 18432
57 0.606299212598 73 -5 0 18560
66 0.606299212598 192 -5 0 18444
69 0.606299212598 192 -5 0 18456
75 0.685039370079 192 -5 0 18468
49 0.606299212598 73 -5 0 18624
56 0.606299212598 73 -5 0 18624
61 0.606299212598 73 -5 0 18688
65 0.606299212598 192 -5 0 18624
56 0.606299212598 73 -5 0 18752
73 0.606299212598 240 -5 0 18624
65 0.606299212598 48 -5 0 18816
68 0.606299212598 59 -5 0 18864
66 0.606299212598 59 -5 0 18912
65 0.606299212598 59 -5 0 18960
37 0.606299212598 64 -5 0 19008
52 0.606299212598 64 -5 0 19072
58 0.606299212598 192 -5 0 19008
55 0.606299212598 64 -5 0 19136
64 0.606299212598 192 -5 0 19020
67 0.606299212598 192 -5 0 19032
72 0.685039370079 192 -5 0 19044
51 0.606299212598 73 -5 0 19200
54 0.606299212598 73 -5 0 19200
59 0.606299212598 73 -5 0 19264
54 0.606299212598 73 -5 0 19328
66 0.606299212598 232 -5 0 19200
63 0.606299212598 48 -5 0 19392
71 0.606299212598 240 -5 0 19200
59 0.606299212598 176 -5 0 19264
63 0.606299212598 96 -5 0 19392
66 0.606299212598 59 -5 0 19440
65 0.606299212598 59 -5 0 19488
63 0.606299212598 59 -5 0 19536
25 0.456692913386 72 -5 0 19584
37 0.456692913386 72 -5 0 19584
48 0.456692913386 72 -5 0 19648
56 0.456692913386 192 -5 0 19584
54 0.456692913386 72 -5 0 19712
62 0.456692913386 192 -5 0 19596
66 0.40157480315 24 -5 0 19776
70 0.456692913386 192 -5 0 19620
49 0.40157480315 73 -5 0 19776
57 0.40157480315 73 -5 0 19840
54 0.40157480315 73 -5 0 19904
69 0.40157480315 240 -5 0 19776
61 0.346456692913 48 -5 0 19968
66 0.40157480315 240 -5 0 19776
57 0.40157480315 176 -5 0 19840
61 0.346456692913 96 -5 0 19968
65 0.346456692913 59 -5 0 20016
63 0.346456692913 59 -5 0 20064
61 0.346456692913 59 -5 0 20112
37 0.236220472441 73 -5 0 20160
44 0.236220472441 73 -5 0 20224
54 0.236220472441 64 -5 0 20288
54 0.236220472441 73 -5 0 20288
60 0.236220472441 192 -5 0 20172
64 0.236220472441 192 -5 0 20184
68 0.236220472441 192 -5 0 20196
55 0.236220472441 73 -5 0 20352
61 0.307086614173 96 -5 0 20352
65 0.307086614173 96 -5 0 20352
69 0.307086614173 96 -5 0 20352
44 0.267716535433 73 -5 0 20416
70 0.377952755906 96 -5 0 20448
66 0.377952755906 96 -5 0 20448
62 0.377952755906 96 -5 0 20448
56 0.299212598425 73 -5 0 20480
71 0.338582677165 73 -5 0 20544
72 0.251968503937 73 -5 0 20608
78 0.220472440945 60 -5 0 20672
63 0.267716535433 192 -5 0 20544
57 0.267716535433 192 -5 0 20544
66 0.267716535433 192 -5 0 20544
60 0.220472440945 20 -5 0 20748
37 0.220472440945 73 -5 0 20736
44 0.220472440945 73 -5 0 20800
54 0.212598425197 64 -5 0 20864
54 0.212598425197 73 -5 0 20864
60 0.220472440945 192 -5 0 20748
64 0.220472440945 192 -5 0 20760
68 0.228346456693 192 -5 0 20772
55 0.212598425197 73 -5 0 20928
61 0.212598425197 96 -5 0 20928
65 0.212598425197 96 -5 0 20928
69 0.212598425197 96 -5 0 20928
44 0.212598425197 73 -5 0 20992
70 0.212598425197 96 -5 0 21024
62 0.212598425197 96 -5 0 21024
66 0.212598425197 96 -5 0 21024
56 0.212598425197 73 -5 0 21056
71 0.212598425197 73 -5 0 21120
72 0.212598425197 73 -5 0 21184
60 0.212598425197 73 -5 0 21184
63 0.212598425197 192 -5 0 21120
67 0.212598425197 192 -5 0 21120
57 0.212598425197 192 -5 0 21120
69 0.212598425197 64 -5 0 21248
81 0.212598425197 64 -5 0 21248
68 0.157480314961 59 -5 0 21696
65 0.157480314961 59 -5 0 21744
66 0.157480314961 59 -5 0 21792
61 0.157480314961 0 -5 0 21888
54 0.157480314961 192 -5 0 21696
58 0.157480314961 192 -5 0 21696
68 0.157480314961 59 -5 0 21840
44 0.157480314961 288 -5 0 21696
37 0.157480314961 96 -5 0 21888
56 0.157480314961 203 -5 0 21984
53 0.157480314961 384 -5 0 21888
61 0.157480314961 432 -5 0 21888
58 0.157480314961 58 -5 0 22320
60 0.157480314961 58 -5 0 22368
61 0.157480314961 40 -5 0 22416
51 0.157480314961 192 -5 0 22272
54 0.157480314961 192 -5 0 22272
37 0.157480314961 192 -5 0 22464
56 0.157480314961 109 -5 0 22560
49 0.157480314961 109 -5 0 22656
61 0.157480314961 384 -5 0 22464
53 0.157480314961 384 -5 0 22464
48 0.157480314961 128 -5 0 22752
58 0.149606299213 73 -5 0 22848
44 0.149606299213 96 -5 0 22848
44 0.149606299213 96 -5 0 22848
56 0.149606299213 72 -5 0 22912
46 0.149606299213 73 -5 0 22912
44 0.141732283465 57 -5 0 22976
54 0.149606299213 192 -5 0 22848
58 0.141732283465 64 -5 0 22976
44 0.141732283465 373 -5 0 23040
61 0.141732283465 373 -5 0 23040
53 0.141732283465 373 -5 0 23040
37 0.141732283465 375 -5 0 23040
44 0.125984251969 672 -5 0 23424
61 0.125984251969 672 -5 0 23424
37 0.125984251969 672 -5 0 23424
53 0.125984251969 672 -5 0 23424
25 0.732283464567 73 -5 0 7488
85 0.417322834646 192 -5 0 7488
61 0.732283464567 55 -5 0 7680
65 0.795275590551 384 -5 0 7488
61 0.732283464567 192 -5 0 7680
61 0.787401574803 384 -5 0 8064
53 0.787401574803 384 -5 0 8064
61 0.787401574803 380 -5 0 8640
25 0.472440944882 384 -5 0 8640
65 0.787401574803 384 -5 0 8640
53 0.803149606299 384 -5 0 9216
65 0.629921259843 384 -5 0 9792
46 0.629921259843 384 -5 0 9792
68 0.629921259843 384 -5 0 10368
72 0.629921259843 384 -5 0 10368
60 0.629921259843 384 -5 0 10368
63 0.629921259843 384 -5 0 10368
60 0.629921259843 128 -5 0 10752
66 0.629921259843 128 -5 0 10752
58 0.653543307087 376 -5 0 10944
70 0.653543307087 343 -5 0 10980
60 0.653543307087 368 -5 0 10956
66 0.653543307087 356 -5 0 10968
39 0.653543307087 384 -5 0 10944
65 0.755905511811 384 -5 0 11520
56 0.755905511811 384 -5 0 11520
60 0.755905511811 384 -5 0 11520
58 0.708661417323 128 -5 0 11904
60 0.708661417323 128 -5 0 11904
66 0.692913385827 186 -5 0 12096
60 0.692913385827 186 -5 0 12096
58 0.716535433071 64 -5 0 12288
61 0.716535433071 64 -5 0 12288
46 0.692913385827 384 -5 0 12096
46 0.692913385827 384 -5 0 12096
73 0.716535433071 288 -5 0 12288
66 0.716535433071 288 -5 0 12288
72 0.771653543307 48 -5 0 12576
42 0.763779527559 384 -5 0 12672
81 0.795275590551 384 -5 0 12672
72 0.763779527559 384 -5 0 12672
76 0.763779527559 384 -5 0 12672
69 0.763779527559 384 -5 0 12672
78 0.763779527559 59 -5 0 13104
68 0.763779527559 175 -5 0 13056
72 0.763779527559 175 -5 0 13056
68 0.992125984252 374 -5 0 13248
65 0.992125984252 384 -5 0 13248
61 0.992125984252 384 -5 0 13248
73 0.992125984252 384 -5 0 13248
73 0.984251968504 375 -5 0 13824
68 0.976377952756 384 -5 0 13824
68 0.88188976378 384 -5 0 14400
80 0.88188976378 384 -5 0 14400
65 0.88188976378 384 -5 0 14400
73 0.88188976378 384 -5 0 14400
68 0.913385826772 384 -5 0 14976
73 0.913385826772 384 -5 0 14976
68 0.913385826772 384 -5 0 15552
61 0.913385826772 384 -5 0 15552
77 0.913385826772 384 -5 0 15552
65 0.913385826772 384 -5 0 15552
65 0.417322834646 192 -5 0 17664
68 0.669291338583 376 -4 0 7488
65 0.669291338583 384 -4 0 7488
68 0.669291338583 184 -4 0 7872
66 0.669291338583 192 -4 0 7872
68 0.669291338583 376 -4 0 8064
65 0.669291338583 384 -4 0 8064
75 0.669291338583 96 -4 0 8460
72 0.669291338583 96 -4 0 8460
70 0.669291338583 96 -4 0 8556
73 0.669291338583 96 -4 0 8556
68 0.669291338583 376 -4 0 8640
65 0.669291338583 384 -4 0 8640
68 0.669291338583 184 -4 0 9024
66 0.669291338583 192 -4 0 9024
65 0.669291338583 480 -4 0 9216
68 0.669291338583 480 -4 0 9216
82 0.606299212598 140 -4 0 11904
77 0.606299212598 192 -4 0 11904
80 0.606299212598 74 -4 0 12032
78 0.653543307087 372 -4 0 12096
73 0.653543307087 384 -4 0 12096
85 0.685039370079 206 -4 0 12480
78 0.685039370079 206 -4 0 12480
81 0.708661417323 372 -4 0 12672
84 0.708661417323 372 -4 0 12672
84 0.763779527559 90 -4 0 13056
80 0.763779527559 90 -4 0 13056
80 0.724409448819 90 -4 0 13152
78 0.724409448819 96 -4 0 13152
80 0.795275590551 384 -4 0 13248
77 0.795275590551 384 -4 0 13248
84 0.850393700787 64 -4 0 13644
82 0.850393700787 64 -4 0 13708
80 0.850393700787 64 -4 0 13772
77 0.795275590551 384 -4 0 13824
82 0.787401574803 64 -4 0 14208
80 0.724409448819 64 -4 0 14272
78 0.59842519685 64 -4 0 14336
77 1.0 312 -4 0 14400
85 1.0 75 -4 0 14730
84 1.0 64 -4 0 14796
82 1.0 64 -4 0 14860
80 1.0 56 -4 0 14924
77 0.795275590551 384 -4 0 14976
82 1.0 64 -4 0 15360
80 1.0 64 -4 0 15424
78 1.0 64 -4 0 15480
77 0.795275590551 288 -4 0 15552
63 0.606299212598 404 -4 0 16128
62 0.606299212598 210 -4 0 16512
65 0.606299212598 596 -4 0 16128
68 0.228346456693 210 -4 0 16704
63 0.228346456693 480 -4 0 16704
66 0.228346456693 302 -4 0 16896
65 0.220472440945 96 -4 0 17184
64 0.220472440945 96 -4 0 17280
68 0.606299212598 184 -3 0 9600
65 0.606299212598 209 -3 0 9600
73 0.606299212598 384 -3 0 9792
68 0.606299212598 384 -3 0 9792
66 0.606299212598 141 -3 0 10176
72 0.606299212598 141 -3 0 10176
73 0.606299212598 74 -3 0 10304
70 0.606299212598 74 -3 0 10304
68 0.606299212598 384 -3 0 10368
72 0.606299212598 384 -3 0 10368
70 0.606299212598 160 -3 0 10752
66 0.606299212598 160 -3 0 10752
72 0.606299212598 40 -3 0 10896
68 0.606299212598 59 -3 0 10896
70 0.669291338583 372 -3 0 10944
72 0.669291338583 372 -3 0 10944
72 0.669291338583 180 -3 0 11328
70 0.669291338583 180 -3 0 11328
72 0.669291338583 384 -3 0 11520
68 0.669291338583 384 -3 0 11520
80 0.850393700787 64 -3 0 13644
78 0.850393700787 64 -3 0 13708
73 0.795275590551 8 -3 0 13824
73 0.795275590551 384 -3 0 13824
77 0.787401574803 64 -3 0 14208
75 0.724409448819 64 -3 0 14272
73 0.59842519685 60 -3 0 14336
73 1.0 312 -3 0 14400
80 1.0 1 -3 0 14796
80 1.0 64 -3 0 14796
78 1.0 64 -3 0 14860
73 0.795275590551 4 -3 0 14976
73 0.795275590551 384 -3 0 14976
77 1.0 64 -3 0 15360
75 1.0 64 -3 0 15424
73 1.0 64 -3 0 15480
73 0.795275590551 288 -3 0 15552
72 0.850393700787 64 -2 0 13644
70 0.850393700787 64 -2 0 13708
68 0.850393700787 64 -2 0 13772
65 0.795275590551 384 -2 0 13824
70 0.787401574803 64 -2 0 14208
68 0.724409448819 64 -2 0 14272
66 0.59842519685 60 -2 0 14336
65 1.0 319 -2 0 14400
73 1.0 67 -2 0 14730
72 1.0 64 -2 0 14796
70 1.0 64 -2 0 14860
68 1.0 63 -2 0 14924
65 0.795275590551 384 -2 0 14976
68 1.0 64 -2 0 15360
66 1.0 64 -2 0 15424
65 1.0 64 -2 0 15480
63 0.795275590551 288 -2 0 15552
70 0.606299212598 140 -1 0 11904
65 0.606299212598 192 -1 0 11904
68 0.606299212598 74 -1 0 12032
66 0.653543307087 372 -1 0 12096
61 0.653543307087 384 -1 0 12096
66 0.685039370079 206 -1 0 12480
73 0.685039370079 206 -1 0 12480
72 0.708661417323 372 -1 0 12672
69 0.708661417323 372 -1 0 12672
72 0.763779527559 90 -1 0 13056
68 0.763779527559 90 -1 0 13056
68 0.724409448819 90 -1 0 13152
66 0.724409448819 96 -1 0 13152
68 0.795275590551 384 -1 0 13248
65 0.795275590551 384 -1 0 13248
75 0.850393700787 64 -1 0 13644
73 0.850393700787 64 -1 0 13708
70 0.850393700787 64 -1 0 13772
68 0.795275590551 384 -1 0 13824
73 0.787401574803 64 -1 0 14208
72 0.724409448819 64 -1 0 14272
70 0.59842519685 64 -1 0 14336
68 1.0 312 -1 0 14400
77 1.0 75 -1 0 14730
75 1.0 64 -1 0 14796
73 1.0 64 -1 0 14860
70 1.0 56 -1 0 14924
68 0.795275590551 384 -1 0 14976
73 1.0 64 -1 0 15360
72 1.0 64 -1 0 15424
70 1.0 64 -1 0 15480
68 0.795275590551 288 -1 0 15552
64 0.527559055118 288 -1 0 17280
70 0.527559055118 302 -1 0 17280
65 0.527559055118 288 -1 0 17568
72 0.527559055118 302 -1 0 17568
75 0.535433070866 209 -1 0 17856
66 0.385826771654 448 -1 0 17856
73 0.456692913386 302 -1 0 18048
65 0.259842519685 64 -1 0 18304
63 0.228346456693 64 -1 0 18368
72 0.299212598425 110 -1 0 18336
66 0.220472440945 192 -1 0 18432
69 0.220472440945 209 -1 0 18432
65 0.220472440945 96 -1 0 18624
68 0.220472440945 96 -1 0 18624
56 0.669291338583 376 -5 0 7488
53 0.669291338583 384 -5 0 7488
56 0.669291338583 184 -5 0 7872
54 0.669291338583 192 -5 0 7872
56 0.669291338583 376 -5 0 8064
53 0.669291338583 384 -5 0 8064
60 0.669291338583 96 -5 0 8460
63 0.669291338583 96 -5 0 8460
58 0.669291338583 96 -5 0 8556
61 0.669291338583 96 -5 0 8556
56 0.669291338583 376 -5 0 8640
53 0.669291338583 384 -5 0 8640
56 0.669291338583 184 -5 0 9024
54 0.669291338583 192 -5 0 9024
56 0.606299212598 184 -5 0 9600
53 0.606299212598 209 -5 0 9600
56 0.606299212598 384 -5 0 9792
61 0.606299212598 384 -5 0 9792
54 0.606299212598 141 -5 0 10176
60 0.606299212598 141 -5 0 10176
58 0.606299212598 74 -5 0 10304
61 0.606299212598 74 -5 0 10304
56 0.606299212598 384 -5 0 10368
60 0.606299212598 384 -5 0 10368
54 0.606299212598 160 -5 0 10752
58 0.606299212598 160 -5 0 10752
60 0.606299212598 40 -5 0 10896
56 0.606299212598 59 -5 0 10896
60 0.669291338583 372 -5 0 10944
58 0.669291338583 372 -5 0 10944
60 0.669291338583 180 -5 0 11328
58 0.669291338583 180 -5 0 11328
60 0.606299212598 384 -5 0 11520
56 0.606299212598 384 -5 0 11520
53 0.606299212598 192 -5 0 11904
60 0.606299212598 210 -5 0 11904
46 0.606299212598 576 -5 0 12096
54 0.606299212598 576 -5 0 12096
42 0.653543307087 404 -5 0 12672
49 0.653543307087 404 -5 0 12672
56 0.685039370079 184 -5 0 13056
44 0.685039370079 209 -5 0 13056
56 0.708661417323 384 -5 0 13248
49 0.708661417323 384 -5 0 13248
61 0.606299212598 210 -5 0 15744
60 0.606299212598 210 -5 0 15936
59 0.606299212598 404 -5 0 16128
58 0.606299212598 182 -5 0 16512
58 0.606299212598 564 -5 0 16704
54 0.606299212598 96 -5 0 17280
56 0.606299212598 182 -5 0 17376
58 0.606299212598 302 -5 0 17280
57 0.606299212598 288 -5 0 17568
60 0.606299212598 288 -5 0 17568
63 0.614173228346 209 -5 0 17856
58 0.464566929134 480 -5 0 17856
61 0.535433070866 302 -5 0 18048
60 0.409448818898 88 -5 0 18336
63 0.409448818898 96 -5 0 18336
60 0.346456692913 209 -5 0 18432
66 0.346456692913 209 -5 0 18432
61 0.220472440945 96 -5 0 18624
65 0.220472440945 96 -5 0 18624
66 0.236220472441 210 -4 0 12288
65 0.417322834646 210 -4 0 12480
64 0.606299212598 384 -4 0 12672
57 0.606299212598 384 -4 0 12672
65 0.606299212598 110 -4 0 13056
56 0.606299212598 182 -4 0 13056
66 0.606299212598 110 -4 0 13152
60 0.606299212598 596 -4 0 12672
61 0.606299212598 384 -4 0 13248
65 0.606299212598 384 -4 0 13248
56 0.685039370079 384 -4 0 13248
68 0.850393700787 64 -4 0 13644
72 0.850393700787 64 -4 0 13644
63 0.850393700787 64 -4 0 13644
70 0.850393700787 64 -4 0 13708
66 0.850393700787 64 -4 0 13708
61 0.850393700787 64 -4 0 13708
65 0.850393700787 48 -4 0 13772
58 0.850393700787 60 -4 0 13772
68 0.850393700787 60 -4 0 13772
65 0.795275590551 384 -4 0 13824
56 0.795275590551 384 -4 0 13824
61 0.795275590551 384 -4 0 13824
56 0.787401574803 64 -4 0 14208
65 0.787401574803 64 -4 0 14208
61 0.787401574803 64 -4 0 14208
54 0.724409448819 64 -4 0 14272
63 0.724409448819 64 -4 0 14272
60 0.724409448819 64 -4 0 14272
58 0.59842519685 60 -4 0 14336
51 0.59842519685 60 -4 0 14336
61 0.59842519685 60 -4 0 14336
61 1.0 312 -4 0 14400
53 1.0 312 -4 0 14400
56 1.0 312 -4 0 14400
68 1.0 66 -4 0 14730
73 1.0 70 -4 0 14730
65 1.0 70 -4 0 14730
63 1.0 64 -4 0 14796
72 1.0 64 -4 0 14796
68 1.0 64 -4 0 14796
70 1.0 64 -4 0 14860
61 1.0 64 -4 0 14860
66 1.0 64 -4 0 14860
65 1.0 46 -4 0 14924
58 1.0 56 -4 0 14924
68 1.0 56 -4 0 14924
56 0.795275590551 448 -4 0 14976
65 0.795275590551 448 -4 0 14976
61 0.795275590551 448 -4 0 14976
54 1.0 1 -4 0 15480
60 1.0 64 -4 0 15424
63 1.0 64 -4 0 15424
54 1.0 64 -4 0 15480
61 1.0 57 -4 0 15488
51 1.0 64 -4 0 15488
61 0.795275590551 288 -4 0 15552
53 0.795275590551 288 -4 0 15552
56 0.795275590551 288 -4 0 15552
52 0.314960629921 192 -4 0 19008
55 0.314960629921 192 -4 0 19008
51 0.228346456693 192 -4 0 19200
54 0.228346456693 192 -4 0 19200
50 0.228346456693 208 -4 0 19584
54 0.307086614173 384 -4 0 19584
49 0.228346456693 192 -4 0 19776
37 0.606299212598 564 -3 0 13248
37 0.606299212598 1140 -3 0 13824
37 0.606299212598 864 -3 0 14976
37 0.795275590551 96 -2 0 13248
25 0.795275590551 96 -2 0 13248
53 0.795275590551 88 -2 0 13344
49 0.795275590551 88 -2 0 13344
56 0.795275590551 88 -2 0 13344
65 0.795275590551 88 -2 0 13344
61 0.795275590551 88 -2 0 13344
68 0.795275590551 88 -2 0 13344
44 0.795275590551 96 -2 0 13344
56 0.795275590551 88 -2 0 13440
53 0.795275590551 88 -2 0 13440
68 0.795275590551 88 -2 0 13440
73 0.795275590551 88 -2 0 13440
65 0.795275590551 88 -2 0 13440
61 0.795275590551 88 -2 0 13440
49 0.795275590551 96 -2 0 13440
68 0.795275590551 88 -2 0 13536
56 0.795275590551 96 -2 0 13536
53 0.795275590551 96 -2 0 13536
77 0.795275590551 96 -2 0 13536
73 0.795275590551 96 -2 0 13536
65 0.795275590551 96 -2 0 13536
61 0.795275590551 96 -2 0 13536
80 0.795275590551 192 -2 0 13632
92 0.795275590551 192 -2 0 13632
68 0.795275590551 192 -2 0 13632
37 0.795275590551 96 -2 0 13824
49 0.795275590551 88 -2 0 13920
53 0.795275590551 88 -2 0 13920
56 0.795275590551 88 -2 0 13920
61 0.795275590551 88 -2 0 13920
44 0.795275590551 88 -2 0 13920
49 0.795275590551 88 -2 0 14016
56 0.795275590551 88 -2 0 14016
44 0.795275590551 88 -2 0 14016
53 0.795275590551 88 -2 0 14016
61 0.795275590551 88 -2 0 14016
65 0.795275590551 88 -2 0 14016
61 0.795275590551 88 -2 0 14112
56 0.795275590551 96 -2 0 14112
49 0.795275590551 96 -2 0 14112
53 0.795275590551 96 -2 0 14112
68 0.795275590551 96 -2 0 14112
65 0.795275590551 96 -2 0 14112
73 0.795275590551 192 -2 0 14208
61 0.795275590551 192 -2 0 14208
85 0.795275590551 192 -2 0 14208
25 0.795275590551 96 -2 0 14400
37 0.795275590551 96 -2 0 14400
53 0.795275590551 88 -2 0 14496
68 0.795275590551 88 -2 0 14496
65 0.795275590551 88 -2 0 14496
56 0.795275590551 88 -2 0 14496
61 0.795275590551 88 -2 0 14496
49 0.795275590551 88 -2 0 14496
44 0.795275590551 96 -2 0 14496
65 0.795275590551 88 -2 0 14592
53 0.795275590551 88 -2 0 14592
61 0.795275590551 88 -2 0 14592
56 0.795275590551 88 -2 0 14592
68 0.795275590551 88 -2 0 14592
73 0.795275590551 88 -2 0 14592
49 0.795275590551 96 -2 0 14592
68 0.795275590551 88 -2 0 14688
77 0.795275590551 96 -2 0 14688
56 0.795275590551 96 -2 0 14688
53 0.795275590551 96 -2 0 14688
61 0.795275590551 96 -2 0 14688
73 0.795275590551 96 -2 0 14688
65 0.795275590551 96 -2 0 14688
92 0.795275590551 192 -2 0 14784
80 0.795275590551 192 -2 0 14784
68 0.795275590551 192 -2 0 14784
37 0.795275590551 96 -2 0 14976
49 0.795275590551 88 -2 0 15072
56 0.795275590551 88 -2 0 15072
61 0.795275590551 88 -2 0 15072
53 0.795275590551 88 -2 0 15072
44 0.795275590551 88 -2 0 15072
56 0.795275590551 88 -2 0 15168
53 0.795275590551 88 -2 0 15168
49 0.795275590551 88 -2 0 15168
44 0.795275590551 88 -2 0 15168
61 0.795275590551 88 -2 0 15168
65 0.795275590551 88 -2 0 15168
61 0.795275590551 88 -2 0 15264
49 0.795275590551 96 -2 0 15264
65 0.795275590551 96 -2 0 15264
53 0.795275590551 96 -2 0 15264
56 0.795275590551 96 -2 0 15264
68 0.795275590551 96 -2 0 15264
85 0.795275590551 192 -2 0 15360
61 0.795275590551 192 -2 0 15360
73 0.795275590551 192 -2 0 15360
25 0.755905511811 96 -2 0 15552
37 0.755905511811 96 -2 0 15552
77 0.661417322835 88 -2 0 15648
73 0.661417322835 88 -2 0 15648
44 0.661417322835 88 -2 0 15648
49 0.661417322835 88 -2 0 15648
44 0.566929133858 88 -2 0 15744
77 0.566929133858 88 -2 0 15744
73 0.566929133858 88 -2 0 15744
49 0.566929133858 88 -2 0 15744
82 0.566929133858 88 -2 0 15744
49 0.44094488189 96 -2 0 15840
53 0.44094488189 96 -2 0 15840
44 0.44094488189 96 -2 0 15840
85 0.44094488189 96 -2 0 15840
82 0.44094488189 96 -2 0 15840
77 0.44094488189 96 -2 0 15840
68 0.346456692913 192 -2 0 15936
56 0.346456692913 192 -2 0 15936
80 0.346456692913 192 -2 0 15936
75 0.795275590551 210 -1 0 18432
80 0.590551181102 59 -1 0 7317
77 0.590551181102 59 -1 0 7365
78 0.590551181102 59 -1 0 7413
80 0.590551181102 40 -1 0 7462
73 0.606299212598 376 -1 0 7488
70 0.88188976378 74 -1 0 7872
72 0.88188976378 74 -1 0 7936
73 0.913385826772 64 -1 0 8000
68 0.92125984252 282 -1 0 8064
82 0.606299212598 116 -1 0 8352
80 0.590551181102 59 -1 0 8469
77 0.590551181102 59 -1 0 8517
78 0.590551181102 59 -1 0 8565
80 0.590551181102 40 -1 0 8614
73 0.606299212598 375 -1 0 8640
70 0.850393700787 74 -1 0 9024
72 0.850393700787 74 -1 0 9088
73 0.88188976378 58 -1 0 9152
68 0.92125984252 372 -1 0 9216
61 0.44094488189 56 -1 0 9600
73 0.44094488189 56 -1 0 9600
60 0.472440944882 56 -1 0 9648
72 0.472440944882 56 -1 0 9648
61 0.472440944882 56 -1 0 9696
73 0.472440944882 56 -1 0 9696
75 0.472440944882 43 -1 0 9744
63 0.472440944882 43 -1 0 9744
77 0.322834645669 384 -1 0 9792
65 0.322834645669 384 -1 0 9792
78 0.385826771654 74 -1 0 10176
66 0.385826771654 74 -1 0 10176
77 0.385826771654 74 -1 0 10240
65 0.385826771654 74 -1 0 10240
68 0.385826771654 64 -1 0 10304
80 0.385826771654 64 -1 0 10304
75 0.354330708661 365 -1 0 10368
63 0.354330708661 365 -1 0 10368
63 0.409448818898 59 -1 0 10752
75 0.409448818898 59 -1 0 10752
61 0.44094488189 59 -1 0 10800
73 0.44094488189 59 -1 0 10800
63 0.472440944882 59 -1 0 10848
75 0.472440944882 59 -1 0 10848
77 0.535433070866 59 -1 0 10896
65 0.535433070866 59 -1 0 10896
78 0.535433070866 432 -1 0 10944
66 0.535433070866 432 -1 0 10944
80 0.503937007874 59 -1 0 11376
68 0.503937007874 59 -1 0 11376
78 0.535433070866 59 -1 0 11424
66 0.535433070866 59 -1 0 11424
82 0.566929133858 48 -1 0 11472
70 0.566929133858 48 -1 0 11472
77 0.669291338583 384 -1 0 11520
65 0.669291338583 384 -1 0 11520
72 0.637795275591 59 -1 0 11904
84 0.637795275591 59 -1 0 11904
80 0.637795275591 59 -1 0 11952
68 0.637795275591 59 -1 0 11952
82 0.637795275591 59 -1 0 12000
70 0.637795275591 59 -1 0 12000
84 0.637795275591 48 -1 0 12032
72 0.637795275591 48 -1 0 12048
78 0.637795275591 303 -1 0 12096
66 0.637795275591 303 -1 0 12096
73 0.606299212598 86 -1 0 12384
85 0.606299212598 86 -1 0 12384
73 0.606299212598 59 -1 0 12480
85 0.606299212598 59 -1 0 12480
82 0.606299212598 59 -1 0 12528
70 0.606299212598 59 -1 0 12528
72 0.606299212598 59 -1 0 12576
84 0.606299212598 59 -1 0 12576
73 0.606299212598 48 -1 0 12624
85 0.606299212598 48 -1 0 12624
88 0.606299212598 384 -1 0 12672
76 0.606299212598 384 -1 0 12672
77 0.637795275591 59 -1 0 13056
89 0.637795275591 59 -1 0 13056
66 0.637795275591 59 -1 0 13104
78 0.637795275591 59 -1 0 13104
80 0.637795275591 59 -1 0 13152
68 0.637795275591 59 -1 0 13152
84 0.637795275591 48 -1 0 13200
72 0.637795275591 48 -1 0 13200
85 0.685039370079 384 -1 0 13248
73 0.685039370079 384 -1 0 13248
92 0.842519685039 48 -1 0 13642
80 0.842519685039 48 -1 0 13642
77 0.795275590551 48 -1 0 13690
89 0.795275590551 48 -1 0 13690
78 0.795275590551 48 -1 0 13738
90 0.795275590551 48 -1 0 13738
80 0.795275590551 48 -1 0 13786
92 0.795275590551 48 -1 0 13786
73 0.795275590551 371 -1 0 13824
85 0.795275590551 371 -1 0 13824
70 0.692913385827 64 -1 0 14208
82 0.692913385827 64 -1 0 14208
72 0.59842519685 64 -1 0 14272
84 0.59842519685 64 -1 0 14272
73 0.503937007874 64 -1 0 14336
85 0.503937007874 64 -1 0 14336
68 1.0 288 -1 0 14400
80 1.0 288 -1 0 14400
82 0.858267716535 86 -1 0 14688
94 0.858267716535 86 -1 0 14688
80 0.858267716535 48 -1 0 14784
92 0.858267716535 48 -1 0 14784
77 0.795275590551 48 -1 0 14832
89 0.795275590551 48 -1 0 14832
78 0.795275590551 48 -1 0 14880
90 0.795275590551 48 -1 0 14880
92 0.795275590551 48 -1 0 14928
80 0.795275590551 48 -1 0 14928
73 1.0 302 -1 0 14976
85 1.0 302 -1 0 14976
75 0.984251968504 96 -1 0 15264
87 0.984251968504 96 -1 0 15264
82 0.984251968504 74 -1 0 15360
70 0.984251968504 74 -1 0 15360
72 0.984251968504 74 -1 0 15424
84 0.984251968504 74 -1 0 15424
73 0.984251968504 64 -1 0 15488
85 0.984251968504 64 -1 0 15488
68 0.984251968504 192 -1 0 15552
80 0.984251968504 192 -1 0 15552
73 0.984251968504 210 -1 0 15744
85 0.984251968504 210 -1 0 15744
84 0.984251968504 192 -1 0 15936
72 0.984251968504 192 -1 0 15936
83 0.984251968504 384 -1 0 16128
71 0.984251968504 384 -1 0 16128
70 0.984251968504 138 -1 0 16512
82 0.984251968504 138 -1 0 16512
77 0.984251968504 53 -1 0 16640
65 0.984251968504 53 -1 0 16640
68 0.976377952756 210 -1 0 16704
80 0.976377952756 210 -1 0 16704
66 0.937007874016 302 -1 0 16896
78 0.937007874016 302 -1 0 16896
65 0.88188976378 96 -1 0 17184
77 0.88188976378 96 -1 0 17184
76 0.858267716535 210 -1 0 17280
64 0.858267716535 210 -1 0 17280
64 0.850393700787 96 -1 0 17490
76 0.850393700787 96 -1 0 17490
77 0.842519685039 210 -1 0 17569
65 0.842519685039 210 -1 0 17569
60 0.834645669291 96 -1 0 17760
72 0.834645669291 96 -1 0 17760
63 0.795275590551 210 -1 0 17856
75 0.834645669291 210 -1 0 17856
61 0.818897637795 302 -1 0 18048
73 0.818897637795 302 -1 0 18048
60 0.803149606299 96 -1 0 18336
72 0.803149606299 96 -1 0 18336
63 0.834645669291 210 -1 0 18432
75 0.834645669291 210 -1 0 18432
61 0.787401574803 96 -1 0 18624
73 0.787401574803 96 -1 0 18624
54 0.606299212598 303 -5 1 12096
61 0.606299212598 86 -5 1 12384
61 0.606299212598 59 -5 1 12480
58 0.606299212598 59 -5 1 12528
60 0.606299212598 59 -5 1 12576
61 0.606299212598 48 -5 1 12624
64 0.606299212598 384 -5 1 12672
65 0.606299212598 59 -5 1 13056
54 0.606299212598 59 -5 1 13104
56 0.606299212598 59 -5 1 13152
60 0.606299212598 48 -5 1 13200
61 0.685039370079 384 -5 1 13248
80 0.842519685039 48 -5 1 13642
77 0.795275590551 48 -5 1 13690
78 0.795275590551 48 -5 1 13738
80 0.795275590551 48 -5 1 13786
73 0.795275590551 371 -5 1 13824
70 0.692913385827 64 -5 1 14208
72 0.59842519685 64 -5 1 14272
73 0.503937007874 64 -5 1 14336
68 1.0 288 -5 1 14400
82 0.858267716535 86 -5 1 14688
80 0.858267716535 48 -5 1 14784
77 0.795275590551 48 -5 1 14832
78 0.795275590551 48 -5 1 14880
80 0.795275590551 48 -5 1 14928
73 1.0 302 -5 1 14976
75 0.984251968504 96 -5 1 15264
70 0.984251968504 74 -5 1 15360
72 0.984251968504 74 -5 1 15424
73 0.984251968504 64 -5 1 15488
68 0.984251968504 192 -5 1 15552
77 0.984251968504 384 -5 1 15744
75 0.984251968504 384 -5 1 16128
77 0.984251968504 182 -5 1 16512
70 0.984251968504 564 -5 1 16704
70 0.92125984252 300 -5 1 17280
72 0.897637795276 288 -5 1 17568
66 0.874015748031 458 -5 1 17856
65 0.834645669291 74 -5 1 18304
63 0.826771653543 64 -5 1 18368
69 0.826771653543 210 -5 1 18432
68 0.811023622047 96 -5 1 18624
46 0.236220472441 192 -4 1 9792
51 0.236220472441 192 -4 1 10176
44 0.236220472441 192 -4 1 10368
56 0.236220472441 192 -4 1 10752
51 0.236220472441 192 -4 1 10944
39 0.251968503937 192 -4 1 11328
41 0.314960629921 192 -4 1 11520
53 0.377952755906 192 -4 1 11712
46 0.417322834646 192 -4 1 12096
58 0.417322834646 192 -4 1 12288
42 0.417322834646 192 -4 1 12672
44 0.417322834646 192 -4 1 13056
37 0.417322834646 192 -4 1 13248
61 0.228346456693 864 -4 1 0
68 0.590551181102 59 -4 1 7317
65 0.590551181102 59 -4 1 7365
66 0.590551181102 59 -4 1 7413
68 0.590551181102 40 -4 1 7462
61 0.606299212598 375 -4 1 7488
58 0.88188976378 74 -4 1 7872
60 0.88188976378 74 -4 1 7936
61 0.913385826772 64 -4 1 8000
56 0.92125984252 282 -4 1 8064
70 0.606299212598 116 -4 1 8352
68 0.590551181102 59 -4 1 8469
65 0.590551181102 59 -4 1 8517
66 0.590551181102 59 -4 1 8565
68 0.590551181102 40 -4 1 8614
61 0.606299212598 384 -4 1 8640
58 0.850393700787 74 -4 1 9024
60 0.850393700787 74 -4 1 9088
61 0.88188976378 56 -4 1 9152
56 0.811023622047 372 -4 1 9216
68 0.842519685039 48 -4 1 13642
65 0.795275590551 48 -4 1 13690
66 0.795275590551 48 -4 1 13738
68 0.795275590551 48 -4 1 13786
61 0.795275590551 371 -4 1 13824
58 0.692913385827 64 -4 1 14208
60 0.59842519685 64 -4 1 14272
61 0.503937007874 64 -4 1 14336
56 1.0 288 -4 1 14400
70 0.858267716535 86 -4 1 14688
68 0.858267716535 48 -4 1 14784
65 0.795275590551 48 -4 1 14832
66 0.795275590551 48 -4 1 14880
68 0.795275590551 48 -4 1 14928
61 1.0 302 -4 1 14976
63 0.984251968504 96 -4 1 15264
58 0.984251968504 74 -4 1 15360
60 0.984251968504 74 -4 1 15424
61 0.984251968504 64 -4 1 15488
56 0.984251968504 480 -4 1 15552
49 0.984251968504 508 -4 1 16128
50 0.984251968504 64 -4 1 16640
51 0.228346456693 494 -4 1 16704
53 0.992125984252 96 -4 1 17184
54 0.976377952756 110 -4 1 17280
56 0.96062992126 209 -4 1 17376
57 0.937007874016 288 -4 1 17568
58 0.897637795276 494 -4 1 17856
60 0.834645669291 86 -4 1 18336
60 0.818897637795 209 -4 1 18432
61 0.795275590551 96 -4 1 18624
60 0.59842519685 209 -4 1 18720
59 0.59842519685 96 -4 1 18912
58 0.677165354331 209 -4 1 19008
59 0.606299212598 96 -4 1 19200
58 0.59842519685 209 -4 1 19296
57 0.59842519685 90 -4 1 19488
56 0.685039370079 209 -4 1 19584
57 0.606299212598 288 -4 1 19776
37 0.244094488189 192 -3 1 7488
37 0.244094488189 192 -3 1 8064
37 0.236220472441 192 -3 1 8640
37 0.236220472441 192 -3 1 9216
34 0.236220472441 192 -3 1 9792
39 0.236220472441 192 -3 1 10176
32 0.236220472441 192 -3 1 10368
44 0.236220472441 192 -3 1 10752
39 0.236220472441 192 -3 1 10944
39 0.251968503937 192 -3 1 11328
29 0.314960629921 192 -3 1 11520
41 0.377952755906 192 -3 1 11712
34 0.417322834646 192 -3 1 12096
46 0.417322834646 192 -3 1 12288
42 0.417322834646 192 -3 1 12672
44 0.417322834646 192 -3 1 13056
37 0.417322834646 192 -3 1 13248
37 0.795275590551 1140 -3 1 13824
37 0.92125984252 1140 -3 1 14976
37 0.944881889764 1140 -3 1 16128
37 0.228346456693 1440 -3 1 17280
37 0.228346456693 288 -3 1 19008
37 0.228346456693 288 -3 1 19584
