60 1.0 480 0 0 1920 0.003
57 1.0 480 0 -2 1440 0.003
42 1.0 480 0 3 2880 0.003
52 1.0 480 1 0 1920 0.003
57 1.0 480 -2 0 1440 0.003
62 1.0 480 -2 -3 2400 0.003
62 1.0 480 -2 0 1920 0.003
42 1.0 480 0 1 960 0.003
60 1.0 480 0 0 2400 0.003
53 1.0 480 2 2 2880 0.003
52 1.0 480 0 2 960 0.003
65 1.0 480 4 -4 1440 0.003
60 1.0 480 1 0 1920 0.003
57 1.0 480 -2 0 1440 0.003
57 1.0 480 -2 -3 2400 0.003
57 1.0 480 -2 0 1920 0.003
42 1.0 480 0 1 960 0.003
60 1.0 480 0 0 2400 0.003
57 1.0 480 2 2 2880 0.003
42 1.0 480 0 2 960 0.003
60 1.0 480 4 -4 1440 0.003
57 1.0 480 -2 3 1440 0.003
42 1.0 480 2 -4 1920 0.003
60 1.0 480 -3 -4 1920 0.003
57 1.0 480 -5 -1 1440 0.003
52 1.0 480 2 -4 1920 0.003
62 1.0 480 2 -4 1920 0.003
65 1.0 480 4 1 2880 0.003
57 1.0 480 2 3 2880 0.003
62 1.0 480 -2 2 2400 0.003
42 1.0 480 -5 2 960 0.003
42 1.0 480 3 -3 2400 0.003
52 1.0 480 -2 4 1440 0.003
57 1.0 480 3 1 960 0.003
42 1.0 480 -2 -1 4800 0.003
60 1.0 480 4 -3 1440 0.003
52 1.0 480 0 -4 4800 0.003
57 1.0 480 5 1 1440 0.003
42 1.0 480 -3 2 4320 0.003
62 1.0 480 4 1 1440 0.003
60 1.0 480 4 2 2880 0.003
62 1.0 480 1 3 3360 0.003
42 1.0 480 -2 2 3360 0.003
53 1.0 480 -5 0 2840 0.003
62 1.0 480 2 -3 2400 0.003
60 1.0 480 -2 4 4320 0.003
57 1.0 480 2 -1 4800 0.003
42 1.0 480 -4 -1 2840 0.003
60 1.0 480 4 -3 3360 0.003
65 1.0 480 0 -4 2840 0.003
53 1.0 480 2 1 3360 0.003
42 1.0 480 -3 2 4320 0.003
53 1.0 480 4 1 4320 0.003
52 1.0 480 0 -4 4800 0.003
57 1.0 480 5 1 1440 0.003
42 1.0 480 -3 2 4320 0.003
62 1.0 480 2 3 1440 0.003
62 1.0 480 2 0 2880 0.003
60 1.0 480 4 2 2880 0.003
62 1.0 480 1 2 3360 0.003
42 1.0 480 -2 -2 3360 0.003
53 1.0 480 -5 2 2840 0.003
62 1.0 480 -2 -3 2400 0.003
60 1.0 480 -4 4 4320 0.003
57 1.0 480 1 -1 4800 0.003
42 1.0 480 -2 -1 2840 0.003
60 1.0 480 0 -2 3360 0.003
65 1.0 480 0 -1 2840 0.003
53 1.0 480 -2 1 3360 0.003
42 1.0 480 -2 2 4320 0.003
53 1.0 480 0 4 4320 0.003
42 1.0 480 2 -4 1920 0.003
42 1.0 480 2 -4 1920 0.003
60 1.0 480 4 1 2880 0.003
57 1.0 480 2 3 2880 0.003
42 1.0 480 -2 2 2400 0.003
42 1.0 480 -5 2 960 0.003
42 1.0 480 3 -3 2400 0.003
60 1.0 480 -2 4 1440 0.003
57 1.0 480 3 1 960 0.003
42 1.0 480 -2 -1 960 0.003
60 1.0 480 4 -3 1440 0.003
60 1.0 480 0 -4 960 0.003
57 1.0 480 5 1 1440 0.003
42 1.0 480 -3 2 1440 0.003
60 1.0 480 4 1 1440 0.003
